{
 "cells": [
  {
   "cell_type": "markdown",
   "metadata": {},
   "source": [
    "## Command Line\n",
    "\n",
    "\n",
    "This is the most fundamental way to deploy Dask on multiple machines. In production environments, this process is often automated by some other resource manager. Hence, it is rare that people need to follow these instructions explicitly. But since we want learn how to \"build\" a cluster we want study how to start it from the command line.\n",
    "\n",
    "A ```dask.distributed``` network consists of one ```dask-scheduler``` process and several ```dask-worker``` processes that connect to that scheduler. These are normal Python processes that can be executed from the command line. We launch the dask-scheduler executable in one process and the dask-worker executable in several processes, possibly on different machines."
   ]
  },
  {
   "cell_type": "markdown",
   "metadata": {},
   "source": [
    "Hence, respect to the revious lectures, today we want to create a cluster \"from scratch\" using IP addresses and real workers and not the automatic \"local cluster\" created by dask.\n",
    "\n"
   ]
  },
  {
   "cell_type": "markdown",
   "metadata": {},
   "source": [
    "At first let's see how works the ```dask-scheduler``` command"
   ]
  },
  {
   "cell_type": "code",
   "execution_count": 1,
   "metadata": {},
   "outputs": [
    {
     "name": "stdout",
     "output_type": "stream",
     "text": [
      "Usage: dask-scheduler [OPTIONS] [PRELOAD_ARGV]...\n",
      "\n",
      "Options:\n",
      "  --host TEXT                   URI, IP or hostname of this server\n",
      "  --port INTEGER                Serving port\n",
      "  --interface TEXT              Preferred network interface like 'eth0' or\n",
      "                                'ib0'\n",
      "\n",
      "  --protocol TEXT               Protocol like tcp, tls, or ucx\n",
      "  --tls-ca-file PATH            CA cert(s) file for TLS (in PEM format)\n",
      "  --tls-cert PATH               certificate file for TLS (in PEM format)\n",
      "  --tls-key PATH                private key file for TLS (in PEM format)\n",
      "  --bokeh-port INTEGER          Deprecated.  See --dashboard-address\n",
      "  --dashboard-address TEXT      Address on which to listen for diagnostics\n",
      "                                dashboard  [default: :8787]\n",
      "\n",
      "  --dashboard / --no-dashboard  Launch the Dashboard [default: --dashboard]\n",
      "  --bokeh / --no-bokeh          Deprecated.  See --dashboard/--no-dashboard.\n",
      "  --show / --no-show            Show web UI [default: --show]\n",
      "  --dashboard-prefix TEXT       Prefix for the dashboard app\n",
      "  --use-xheaders BOOLEAN        User xheaders in dashboard app for ssl\n",
      "                                termination in header  [default: False]\n",
      "\n",
      "  --pid-file TEXT               File to write the process PID\n",
      "  --scheduler-file TEXT         File to write connection information. This may\n",
      "                                be a good way to share connection information\n",
      "                                if your cluster is on a shared network file\n",
      "                                system.\n",
      "\n",
      "  --preload TEXT                Module that should be loaded by the scheduler\n",
      "                                process  like \"foo.bar\" or \"/path/to/foo.py\".\n",
      "\n",
      "  --idle-timeout TEXT           Time of inactivity after which to kill the\n",
      "                                scheduler\n",
      "\n",
      "  --version                     Show the version and exit.\n",
      "  --help                        Show this message and exit.\n"
     ]
    }
   ],
   "source": [
    "%%bash\n",
    "\n",
    "dask-scheduler --help"
   ]
  },
  {
   "cell_type": "code",
   "execution_count": null,
   "metadata": {},
   "outputs": [],
   "source": []
  },
  {
   "cell_type": "code",
   "execution_count": null,
   "metadata": {},
   "outputs": [],
   "source": [
    "%%bash \n",
    "\n",
    "#dask-scheduler run it inside a real bash terminal not from jupyter"
   ]
  },
  {
   "cell_type": "markdown",
   "metadata": {},
   "source": [
    "The command ```dask-worker``` on the rest of the nodes. Let's see how it works:"
   ]
  },
  {
   "cell_type": "code",
   "execution_count": 2,
   "metadata": {},
   "outputs": [
    {
     "name": "stdout",
     "output_type": "stream",
     "text": [
      "Usage: dask-worker [OPTIONS] [SCHEDULER] [PRELOAD_ARGV]...\n",
      "\n",
      "Options:\n",
      "  --tls-ca-file PATH              CA cert(s) file for TLS (in PEM format)\n",
      "  --tls-cert PATH                 certificate file for TLS (in PEM format)\n",
      "  --tls-key PATH                  private key file for TLS (in PEM format)\n",
      "  --worker-port TEXT              Serving computation port, defaults to\n",
      "                                  random. When creating multiple workers with\n",
      "                                  --nprocs, a sequential range of worker ports\n",
      "                                  may be used by specifying the first and last\n",
      "                                  available ports like <first-port>:<last-\n",
      "                                  port>. For example, --worker-port=3000:3026\n",
      "                                  will use ports 3000, 3001, ..., 3025, 3026.\n",
      "\n",
      "  --nanny-port TEXT               Serving nanny port, defaults to random. When\n",
      "                                  creating multiple nannies with --nprocs, a\n",
      "                                  sequential range of nanny ports may be used\n",
      "                                  by specifying the first and last available\n",
      "                                  ports like <first-port>:<last-port>. For\n",
      "                                  example, --nanny-port=3000:3026 will use\n",
      "                                  ports 3000, 3001, ..., 3025, 3026.\n",
      "\n",
      "  --bokeh-port INTEGER            Deprecated.  See --dashboard-address\n",
      "  --dashboard-address TEXT        Address on which to listen for diagnostics\n",
      "                                  dashboard\n",
      "\n",
      "  --dashboard / --no-dashboard    Launch the Dashboard [default: --dashboard]\n",
      "  --bokeh / --no-bokeh            Deprecated.  See --dashboard/--no-dashboard.\n",
      "  --listen-address TEXT           The address to which the worker binds.\n",
      "                                  Example: tcp://0.0.0.0:9000\n",
      "\n",
      "  --contact-address TEXT          The address the worker advertises to the\n",
      "                                  scheduler for communication with it and\n",
      "                                  other workers. Example: tcp://127.0.0.1:9000\n",
      "\n",
      "  --host TEXT                     Serving host. Should be an ip address that\n",
      "                                  is visible to the scheduler and other\n",
      "                                  workers. See --listen-address and --contact-\n",
      "                                  address if you need different listen and\n",
      "                                  contact addresses. See --interface.\n",
      "\n",
      "  --interface TEXT                Network interface like 'eth0' or 'ib0'\n",
      "  --protocol TEXT                 Protocol like tcp, tls, or ucx\n",
      "  --nthreads INTEGER              Number of threads per process.\n",
      "  --nprocs TEXT                   Number of worker processes to launch. If\n",
      "                                  negative, then (CPU_COUNT + 1 + nprocs) is\n",
      "                                  used. Set to 'auto' to set nprocs and\n",
      "                                  nthreads dynamically based on CPU_COUNT\n",
      "                                  [default: 1]\n",
      "\n",
      "  --name TEXT                     A unique name for this worker like\n",
      "                                  'worker-1'. If used with --nprocs then the\n",
      "                                  process number will be appended like name-0,\n",
      "                                  name-1, name-2, ...\n",
      "\n",
      "  --memory-limit TEXT             Bytes of memory per process that the worker can use.\n",
      "                                  This can be:\n",
      "                                  - an integer (bytes), note 0 is a special case for no memory management.\n",
      "                                  - a float (fraction of total system memory).\n",
      "                                  - a string (like 5GB or 5000M).\n",
      "                                  - 'auto' for automatically computing the memory limit.  [default: auto]\n",
      "\n",
      "  --reconnect / --no-reconnect    Reconnect to scheduler if disconnected\n",
      "                                  [default: --reconnect]\n",
      "\n",
      "  --nanny / --no-nanny            Start workers in nanny process for\n",
      "                                  management [default: --nanny]\n",
      "\n",
      "  --pid-file TEXT                 File to write the process PID\n",
      "  --local-directory TEXT          Directory to place worker files\n",
      "  --resources TEXT                Resources for task constraints like \"GPU=2\n",
      "                                  MEM=10e9\". Resources are applied separately\n",
      "                                  to each worker process (only relevant when\n",
      "                                  starting multiple worker processes with '--\n",
      "                                  nprocs').\n",
      "\n",
      "  --scheduler-file TEXT           Filename to JSON encoded scheduler\n",
      "                                  information. Use with dask-scheduler\n",
      "                                  --scheduler-file\n",
      "\n",
      "  --death-timeout TEXT            Seconds to wait for a scheduler before\n",
      "                                  closing\n",
      "\n",
      "  --dashboard-prefix TEXT         Prefix for the dashboard\n",
      "  --lifetime TEXT                 If provided, shut down the worker after this\n",
      "                                  duration.\n",
      "\n",
      "  --lifetime-stagger TEXT         Random amount by which to stagger lifetime\n",
      "                                  values  [default: 0 seconds]\n",
      "\n",
      "  --worker-class TEXT             Worker class used to instantiate workers\n",
      "                                  from.  [default: dask.distributed.Worker]\n",
      "\n",
      "  --lifetime-restart / --no-lifetime-restart\n",
      "                                  Whether or not to restart the worker after\n",
      "                                  the lifetime lapses. This assumes that you\n",
      "                                  are using the --lifetime and --nanny\n",
      "                                  keywords  [default: False]\n",
      "\n",
      "  --preload TEXT                  Module that should be loaded by each worker\n",
      "                                  process like \"foo.bar\" or \"/path/to/foo.py\"\n",
      "\n",
      "  --preload-nanny TEXT            Module that should be loaded by each nanny\n",
      "                                  like \"foo.bar\" or \"/path/to/foo.py\"\n",
      "\n",
      "  --version                       Show the version and exit.\n",
      "  --help                          Show this message and exit.\n"
     ]
    }
   ],
   "source": [
    "%%bash\n",
    "\n",
    "dask-worker --help"
   ]
  },
  {
   "cell_type": "markdown",
   "metadata": {},
   "source": [
    "Thisn command must be run by providing the address to the node that hosts ```dask-scheduler```:\n"
   ]
  },
  {
   "cell_type": "code",
   "execution_count": null,
   "metadata": {},
   "outputs": [],
   "source": [
    "%%bash\n",
    "#dask-worker 192.168.1.12:8687 run int inside the real command line not from jupyter"
   ]
  },
  {
   "cell_type": "markdown",
   "metadata": {},
   "source": [
    "### Basic concepts\n",
    "The scheduler and workers both need to accept TCP connections on an open port. By default, the scheduler binds to port 8786 and the worker binds to a random open port. If you are behind a firewall then you may have to open particular ports or tell Dask on a different port.\n",
    "\n",
    "Dask workers are run within a *nanny* process that *monitors* the worker process and restarts it if necessary.\n",
    "\n",
    "As we have saw last lecture, Dask schedulers and even workers host interactive diagnostic web servers using the Bokeh server. These are optional, but generally useful to users. The diagnostic server on the scheduler is particularly valuable, and is served on port 8787."
   ]
  },
  {
   "cell_type": "markdown",
   "metadata": {},
   "source": [
    "### Try to create a your first cluster"
   ]
  },
  {
   "cell_type": "markdown",
   "metadata": {},
   "source": [
    "At first run the cell below in order to indentify your network-card and what your IP is:"
   ]
  },
  {
   "cell_type": "code",
   "execution_count": null,
   "metadata": {},
   "outputs": [],
   "source": [
    "%%bash \n",
    "\n",
    "ifconfig ##only for those of you that does not use the docker cluster"
   ]
  },
  {
   "cell_type": "markdown",
   "metadata": {},
   "source": [
    "Now open you command line and run:"
   ]
  },
  {
   "cell_type": "code",
   "execution_count": null,
   "metadata": {},
   "outputs": [],
   "source": [
    "#dask-scheduler --host IP --port 8786"
   ]
  },
  {
   "cell_type": "markdown",
   "metadata": {},
   "source": [
    "At this point open another command line and run this command:"
   ]
  },
  {
   "cell_type": "code",
   "execution_count": null,
   "metadata": {},
   "outputs": [],
   "source": [
    "#dask-worker IP:8786 --nprocs 2 #this command create 2 workers"
   ]
  },
  {
   "cell_type": "markdown",
   "metadata": {},
   "source": [
    "when is all up to date try to connect to the dashboard and take a look to your new cluster!\n",
    "If you have install all the packages in the correct way you should be able to access to the dashboard at: IP:8787"
   ]
  },
  {
   "cell_type": "markdown",
   "metadata": {},
   "source": [
    "### Run an old exercise over the new cluster\n",
    "\n",
    "Try to count how many words are present in all the documents over the cluster."
   ]
  },
  {
   "cell_type": "code",
   "execution_count": 1,
   "metadata": {},
   "outputs": [
    {
     "name": "stdout",
     "output_type": "stream",
     "text": [
      "Texts document present on the dataset: 8283\n"
     ]
    }
   ],
   "source": [
    "from sklearn.datasets import fetch_20newsgroups\n",
    "from dask.distributed import Client\n",
    "import time\n",
    "\n",
    "categories = [\n",
    "     'comp.graphics',\n",
    "     'comp.os.ms-windows.misc',\n",
    "     'comp.sys.ibm.pc.hardware',\n",
    "     'comp.sys.mac.hardware',\n",
    "     'comp.windows.x',\n",
    "     'misc.forsale',\n",
    "     'rec.autos',\n",
    "     'rec.motorcycles',\n",
    "     'rec.sport.baseball',\n",
    "     'rec.sport.hockey',\n",
    "     'sci.crypt',\n",
    "     'sci.electronics',\n",
    "     'sci.med',\n",
    "     'sci.space'\n",
    "]\n",
    "\n",
    "dataset = fetch_20newsgroups(subset='train', categories=categories ).data\n",
    "\n",
    "print(\"Texts document present on the dataset: \"+str(len(dataset)))\n",
    "\n",
    "def count_word_in_statement(text):\n",
    "    \"\"\"\n",
    "    This function takes a text as input and return the number of the words that it contains\n",
    "    \"\"\"\n",
    "    #time.sleep(0.1)\n",
    "    splitted_words = text.split()\n",
    "    return len(splitted_words)"
   ]
  },
  {
   "cell_type": "markdown",
   "metadata": {},
   "source": [
    "Sequential code:"
   ]
  },
  {
   "cell_type": "code",
   "execution_count": 2,
   "metadata": {},
   "outputs": [
    {
     "name": "stdout",
     "output_type": "stream",
     "text": [
      "Total word in the dataset: 2038444\n",
      "Computation took 0.21970582008361816s\n"
     ]
    }
   ],
   "source": [
    "import time\n",
    "start = time.time()\n",
    "\n",
    "\n",
    "total_words_in_all_data = 0\n",
    "for index in range(0, len(dataset)):\n",
    "    total_words_in_all_data = total_words_in_all_data + count_word_in_statement(dataset[index])\n",
    "\n",
    "    \n",
    "end = time.time()\n",
    "print(\"Total word in the dataset: {}\".format(total_words_in_all_data))\n",
    "print(\"Computation took {}s\".format(end-start))"
   ]
  },
  {
   "cell_type": "markdown",
   "metadata": {},
   "source": [
    "Distributed code:"
   ]
  },
  {
   "cell_type": "code",
   "execution_count": 4,
   "metadata": {},
   "outputs": [],
   "source": [
    "client = Client('dask-scheduler:8786') #change your setting 'dask-scheduler:8786'"
   ]
  },
  {
   "cell_type": "code",
   "execution_count": 5,
   "metadata": {},
   "outputs": [
    {
     "name": "stdout",
     "output_type": "stream",
     "text": [
      "Total word in the dataset: 2038444\n",
      "Computation took 14.78898000717163s\n"
     ]
    }
   ],
   "source": [
    "import time\n",
    "start = time.time()\n",
    "\n",
    "#futures = client.map(count_word_in_statement, dataset)\n",
    "futures = [client.submit(count_word_in_statement, data) for data in dataset]\n",
    "\n",
    "futures = client.submit(sum, futures)\n",
    "total_words_in_all_data = client.gather(futures)\n",
    "\n",
    "    \n",
    "end = time.time()\n",
    "print(\"Total word in the dataset: {}\".format(total_words_in_all_data))\n",
    "print(\"Computation took {}s\".format(end-start))\n"
   ]
  },
  {
   "cell_type": "code",
   "execution_count": 6,
   "metadata": {},
   "outputs": [],
   "source": [
    "client.close()"
   ]
  },
  {
   "cell_type": "markdown",
   "metadata": {},
   "source": [
    "### Why in this case sequential code took more than 10 times less than ditributed version?\n",
    "\n",
    "In general when yuo have to deal with a cluster you have to think about the *overhead* You can image the overhead like the the computational time necessary process your data. \n",
    "Typically in a cluster there two kind of overhead:\n",
    "+ scheduler overhead in serializing the objects that must be sent to workers\n",
    "+ connection overhead. The speed of the network connection between the cluster nodes\n",
    "\n",
    "In the first case, the scheduler adds about one millisecond of overhead per task or Future object. Despite this may sound fast or inconsequential, it's quite slow if you run a large number of tasks. Under this perspective, a larger number of the task means a larger amount of time to create the Future objects of the tasks. \n",
    "In the light of above, if your functions run faster than 100ms or so then you might not see any\n",
    "speedup from using distributed computing, but even worse, probably you might see that the performances get worse.\n",
    "\n",
    "In the second case things are different. The connection overhead may depends from several factors including the stability of the network, the type (wired or WiFi or optic fibe), and bandwith of the network.\n",
    "\n",
    "This is what is happening in the previous example.\n",
    "\n",
    "Let's try to introduce a simulation of intesive computation (a sleep of 10ms: 10 times less the the overhead generated by dask-scheduler):"
   ]
  },
  {
   "cell_type": "code",
   "execution_count": 7,
   "metadata": {},
   "outputs": [],
   "source": [
    "def count_word_in_statement(text):\n",
    "    \"\"\"\n",
    "    This function takes a text as input and return the number of the words that it contains\n",
    "    \"\"\"\n",
    "    splitted_words = text.split()\n",
    "    time.sleep(0.01)\n",
    "    return len(splitted_words)"
   ]
  },
  {
   "cell_type": "markdown",
   "metadata": {},
   "source": [
    "Try to run and wait the sequantial code:"
   ]
  },
  {
   "cell_type": "code",
   "execution_count": 8,
   "metadata": {},
   "outputs": [
    {
     "ename": "KeyboardInterrupt",
     "evalue": "",
     "output_type": "error",
     "traceback": [
      "\u001b[0;31m---------------------------------------------------------------------------\u001b[0m",
      "\u001b[0;31mKeyboardInterrupt\u001b[0m                         Traceback (most recent call last)",
      "\u001b[0;32m<ipython-input-8-cc42c2f0ddf3>\u001b[0m in \u001b[0;36m<module>\u001b[0;34m\u001b[0m\n\u001b[1;32m      5\u001b[0m \u001b[0mtotal_words_in_all_data\u001b[0m \u001b[0;34m=\u001b[0m \u001b[0;36m0\u001b[0m\u001b[0;34m\u001b[0m\u001b[0;34m\u001b[0m\u001b[0m\n\u001b[1;32m      6\u001b[0m \u001b[0;32mfor\u001b[0m \u001b[0mindex\u001b[0m \u001b[0;32min\u001b[0m \u001b[0mrange\u001b[0m\u001b[0;34m(\u001b[0m\u001b[0;36m0\u001b[0m\u001b[0;34m,\u001b[0m \u001b[0mlen\u001b[0m\u001b[0;34m(\u001b[0m\u001b[0mdataset\u001b[0m\u001b[0;34m)\u001b[0m\u001b[0;34m)\u001b[0m\u001b[0;34m:\u001b[0m\u001b[0;34m\u001b[0m\u001b[0;34m\u001b[0m\u001b[0m\n\u001b[0;32m----> 7\u001b[0;31m     \u001b[0mtotal_words_in_all_data\u001b[0m \u001b[0;34m=\u001b[0m \u001b[0mtotal_words_in_all_data\u001b[0m \u001b[0;34m+\u001b[0m \u001b[0mcount_word_in_statement\u001b[0m\u001b[0;34m(\u001b[0m\u001b[0mdataset\u001b[0m\u001b[0;34m[\u001b[0m\u001b[0mindex\u001b[0m\u001b[0;34m]\u001b[0m\u001b[0;34m)\u001b[0m\u001b[0;34m\u001b[0m\u001b[0;34m\u001b[0m\u001b[0m\n\u001b[0m\u001b[1;32m      8\u001b[0m     \u001b[0mend\u001b[0m \u001b[0;34m=\u001b[0m \u001b[0mtime\u001b[0m\u001b[0;34m.\u001b[0m\u001b[0mtime\u001b[0m\u001b[0;34m(\u001b[0m\u001b[0;34m)\u001b[0m \u001b[0;34m-\u001b[0m \u001b[0mstart\u001b[0m\u001b[0;34m\u001b[0m\u001b[0;34m\u001b[0m\u001b[0m\n\u001b[1;32m      9\u001b[0m     \u001b[0;32mif\u001b[0m \u001b[0mend\u001b[0m \u001b[0;34m>=\u001b[0m \u001b[0;36m50\u001b[0m\u001b[0;34m:\u001b[0m\u001b[0;34m\u001b[0m\u001b[0;34m\u001b[0m\u001b[0m\n",
      "\u001b[0;32m<ipython-input-7-c1ccb2b31aee>\u001b[0m in \u001b[0;36mcount_word_in_statement\u001b[0;34m(text)\u001b[0m\n\u001b[1;32m      4\u001b[0m     \"\"\"\n\u001b[1;32m      5\u001b[0m     \u001b[0msplitted_words\u001b[0m \u001b[0;34m=\u001b[0m \u001b[0mtext\u001b[0m\u001b[0;34m.\u001b[0m\u001b[0msplit\u001b[0m\u001b[0;34m(\u001b[0m\u001b[0;34m)\u001b[0m\u001b[0;34m\u001b[0m\u001b[0;34m\u001b[0m\u001b[0m\n\u001b[0;32m----> 6\u001b[0;31m     \u001b[0mtime\u001b[0m\u001b[0;34m.\u001b[0m\u001b[0msleep\u001b[0m\u001b[0;34m(\u001b[0m\u001b[0;36m0.01\u001b[0m\u001b[0;34m)\u001b[0m\u001b[0;34m\u001b[0m\u001b[0;34m\u001b[0m\u001b[0m\n\u001b[0m\u001b[1;32m      7\u001b[0m     \u001b[0;32mreturn\u001b[0m \u001b[0mlen\u001b[0m\u001b[0;34m(\u001b[0m\u001b[0msplitted_words\u001b[0m\u001b[0;34m)\u001b[0m\u001b[0;34m\u001b[0m\u001b[0;34m\u001b[0m\u001b[0m\n",
      "\u001b[0;31mKeyboardInterrupt\u001b[0m: "
     ]
    }
   ],
   "source": [
    "import time\n",
    "start = time.time()\n",
    "\n",
    "\n",
    "total_words_in_all_data = 0\n",
    "for index in range(0, len(dataset)):\n",
    "    total_words_in_all_data = total_words_in_all_data + count_word_in_statement(dataset[index])\n",
    "    end = time.time() - start\n",
    "    if end >= 50:\n",
    "        print(\"More than {}s of computation time...\".format(end))\n",
    "\n",
    "    \n",
    "end = time.time()\n",
    "print(\"Total word in the dataset: {}\".format(total_words_in_all_data))\n",
    "print(\"Computation took {}s\".format(end-start))"
   ]
  },
  {
   "cell_type": "markdown",
   "metadata": {},
   "source": [
    "Distributed version:"
   ]
  },
  {
   "cell_type": "code",
   "execution_count": 9,
   "metadata": {},
   "outputs": [],
   "source": [
    "client = Client('dask-scheduler:8786')"
   ]
  },
  {
   "cell_type": "code",
   "execution_count": 10,
   "metadata": {},
   "outputs": [
    {
     "name": "stdout",
     "output_type": "stream",
     "text": [
      "Total word in the dataset: 2038444\n",
      "Computation took 55.521080493927s\n"
     ]
    }
   ],
   "source": [
    "import time\n",
    "start = time.time()\n",
    "\n",
    "futures = [client.submit(count_word_in_statement, data) for data in dataset]\n",
    "futures = client.submit(sum, futures)\n",
    "total_words_in_all_data = client.gather(futures)\n",
    "\n",
    "    \n",
    "end = time.time()\n",
    "print(\"Total word in the dataset: {}\".format(total_words_in_all_data))\n",
    "print(\"Computation took {}s\".format(end-start))"
   ]
  },
  {
   "cell_type": "code",
   "execution_count": 5,
   "metadata": {},
   "outputs": [],
   "source": [
    "client.close()"
   ]
  },
  {
   "cell_type": "markdown",
   "metadata": {},
   "source": [
    "What happens if we increment the number of workers or threads per worker?"
   ]
  },
  {
   "cell_type": "markdown",
   "metadata": {},
   "source": [
    "If you feel like a hero and you don't be afraid to become old by standing in front of the PC, you can try to compare the sequential code and the distributed code by increasing the sleep time 100ms or 1s"
   ]
  },
  {
   "cell_type": "markdown",
   "metadata": {},
   "source": [
    "### How works the distribution and the scheduling of the processes?\n",
    "\n",
    "#### How a worker is choosen?\n",
    "Even though you can reduce and make some restrictions, e.g: restriction over worker resources, Dask automatically decides the suitable workers for your tasks by figuring out the optimized worker for each task.\n",
    "This means that, if a task has significant data dependencies or if the workers are under heavy load then this choice of worker can strongly impact global performance because the decision becomes heavy.\n",
    "\n",
    "Dask follows the following rules before to assign a task to a worker:\n",
    "+ If the task has no major dependencies and no restrictions then we find the least occupied worker.\n",
    "\n",
    "+ if a task has user-provided restrictions (for example it must run on a machine with a GPU) then we restrict the available pool of workers to just that set, otherwise, we consider all workers\n",
    "+ from the pool of workers Dask determinates the workers to whom the least amount of data would need to be transferred (means less overhead on the cluster and hence computation optimization).\n",
    "+  if some dependencies in the graph can be broken the will be assigned to the worker that currently has the fewest tasks.\n",
    "\n",
    "\n",
    "Dask also allows modifying the worker decision function in order to be more flexible and to improve the customization of a cluster. This means that particular processes or particular computational fields in which performances can be improved by customizing and optimizing the task's assignation decision can be made more performant.\n",
    "\n",
    "Breaking the dependencies in some cases is necessary, especially if each node has a lot of sons. In this case, each node with his sons must be removed from the graph and computed alone. This has a huge impact on performances and memory. On the other hand, this means that when a user submits a task, the computation graph must be scan to figuring out and optimizing this kind of dependencies.\n",
    "\n",
    "\n",
    "#### How choose the next task?\n",
    "Typically Dask follows those rules in order to choose the next task that must be executed:\n",
    "+ Run tasks on a first-come-first-served basis for fairness between multiple clients\n",
    "+ Run tasks that are part of the critical path in an effort to reduce total running time and minimize straggler workloads\n",
    "+ Run tasks that allow us to release many dependencies in an effort to keep the memory footprint small\n",
    "+ Run tasks that are related so that large chunks of work can be completely eliminated before running new chunks of work\n",
    "\n",
    "As you can see a part of the overhead on a cluster is principally caused by the optimization of the execution task decision. Even though these are rules implemented by Dask, in general, the majority of the Cluster, even if they are based on other frameworks and other architectures, follow the same similar approaches.\n",
    "\n",
    "On the other hand, some computational fields may require a different approach to decide which tasks can be executed, e.g: by using last-in-first-out approach or by giving a priority to each task in order to execute first some processes.\n",
    "\n",
    "In some cases, Dask optimization exploit also a partially last-in-first-out approach. When a worker finishes a task the immediate dependencies of that task get top priority. This encourages a behavior of finishing ongoing work immediately before starting new work. This often conflicts with the first-come-first-served objective but often results in shorter total runtimes and significantly reduced memory footprints.\n",
    "\n",
    "\n",
    "#### Where these decisions are made?\n",
    "\n",
    "The decision are basically made in small steps and in a different computation steps by client, scheduler, and workers:\n",
    "\n",
    "+ As we submit a graph from the *client* to the scheduler we automatically assign a numeric priority to each task of that graph. This priority focuses on computing deeply before broadly, preferring critical paths, and preferring nodes with many dependencies.\n",
    "\n",
    "+ When the graph reaches the scheduler the scheduler changes each of these numeric priorities into a tuple of two numbers, the first of which is an increasing counter, the second of which is the client-generated priority described above. This per-graph counter encourages a first-in-first-out policy between computations. All tasks from a previous call to compute have a higher priority than all tasks from a subsequent call to compute (or submit, persist, map, or any operation that generates futures).\n",
    "\n",
    "+ Whenever a task is ready to run the scheduler assigns it to a worker. The scheduler does not wait based on priority. However when the worker receives these tasks it considers their priorities when determining which tasks to prioritize for communication or for computation. \n"
   ]
  },
  {
   "cell_type": "markdown",
   "metadata": {},
   "source": [
    "### Worker Resources\n",
    "\n",
    "Let's suppose that you want to run a proces over a cluster, but only in those machine that has a GPU or have at least 16Gb of RAM. Now let's imagin that you have a cluster of ten computers in which four have a GPU while the others no. In this case we want to balance tasks across the cluster with these resource constraints in mind, allocating GPU-constrained tasks to GPU-enabled workers. Additionally we need to be sure to constrain the number of GPU tasks that run concurrently on any given worker to ensure that we respect the provided limits.\n",
    "Clearly, this situation arises not only for GPUs but for many resources like tasks that require a large amount of memory at runtime, special disk access, or access to special hardware."
   ]
  },
  {
   "cell_type": "markdown",
   "metadata": {},
   "source": [
    "When you require workers with particular resources you must be sure that those resources are availables over the cluster.\n",
    "Otherwise your processes should be never executed.\n",
    "\n",
    "Let's try an example togheter: "
   ]
  },
  {
   "cell_type": "markdown",
   "metadata": {},
   "source": [
    "At first, stop the workers that you have in your cluster and the scheduler. Start again the scheduler and then turn up two workers with those commands:\n",
    "\n",
    "+ ```dask-worker dask-scheduler:8786 --nprocs 1 --nthreads 1 --resources \"GPU=2\"```\n",
    "+ ```dask-worker dask-scheduler:8786 --nprocs 1 --nthreads 1 --resources \"GPU=1\"```"
   ]
  },
  {
   "cell_type": "code",
   "execution_count": 1,
   "metadata": {},
   "outputs": [],
   "source": [
    "import numpy as np\n",
    "from dask.distributed import Client\n",
    "client = Client('dask-scheduler:8786')"
   ]
  },
  {
   "cell_type": "code",
   "execution_count": 12,
   "metadata": {},
   "outputs": [
    {
     "data": {
      "text/html": [
       "<table style=\"border: 2px solid white;\">\n",
       "<tr>\n",
       "<td style=\"vertical-align: top; border: 0px solid white\">\n",
       "<h3 style=\"text-align: left;\">Client</h3>\n",
       "<ul style=\"text-align: left; list-style: none; margin: 0; padding: 0;\">\n",
       "  <li><b>Scheduler: </b>tcp://dask-scheduler:8786</li>\n",
       "  <li><b>Dashboard: </b><a href='http://dask-scheduler:8787/status' target='_blank'>http://dask-scheduler:8787/status</a></li>\n",
       "</ul>\n",
       "</td>\n",
       "<td style=\"vertical-align: top; border: 0px solid white\">\n",
       "<h3 style=\"text-align: left;\">Cluster</h3>\n",
       "<ul style=\"text-align: left; list-style:none; margin: 0; padding: 0;\">\n",
       "  <li><b>Workers: </b>2</li>\n",
       "  <li><b>Cores: </b>2</li>\n",
       "  <li><b>Memory: </b>1.86 GiB</li>\n",
       "</ul>\n",
       "</td>\n",
       "</tr>\n",
       "</table>"
      ],
      "text/plain": [
       "<Client: 'tcp://172.18.0.2:8786' processes=2 threads=2, memory=1.86 GiB>"
      ]
     },
     "execution_count": 12,
     "metadata": {},
     "output_type": "execute_result"
    }
   ],
   "source": [
    "client"
   ]
  },
  {
   "cell_type": "code",
   "execution_count": 13,
   "metadata": {},
   "outputs": [],
   "source": [
    "matrices = []\n",
    "\n",
    "for i in range(100):\n",
    "    matrices.append(np.random.rand(4,3))\n",
    "\n",
    "def compute_polynomial_kernel(matrix):\n",
    "    polynomial_degree = 2\n",
    "    return np.power((np.dot(matrix, matrix.T)+1), 2)"
   ]
  },
  {
   "cell_type": "markdown",
   "metadata": {},
   "source": [
    "Since we are working on a matrix computation let's suppose that we want exploit the multi-gpu available only on some workers. \n",
    "Assume that we need to use 3 GPUs:"
   ]
  },
  {
   "cell_type": "code",
   "execution_count": 14,
   "metadata": {},
   "outputs": [
    {
     "name": "stdout",
     "output_type": "stream",
     "text": [
      "Kernel is: [[11.31085973  8.3889741   5.03707346  5.09711245]\n",
      " [ 8.3889741   6.37683761  3.89621286  4.04516115]\n",
      " [ 5.03707346  3.89621286  3.49964908  2.57904128]\n",
      " [ 5.09711245  4.04516115  2.57904128  2.94232145]]\n",
      "\n",
      "Kernel is: [[4.13506279 3.32257555 3.21949346 4.63297478]\n",
      " [3.32257555 2.93649075 2.62897699 3.61644331]\n",
      " [3.21949346 2.62897699 2.60276804 3.54502137]\n",
      " [4.63297478 3.61644331 3.54502137 5.43885652]]\n",
      "\n",
      "Kernel is: [[5.46944747 2.57989935 5.66492042 3.10433365]\n",
      " [2.57989935 4.4778874  3.21030263 3.09063175]\n",
      " [5.66492042 3.21030263 6.03994106 3.37376929]\n",
      " [3.10433365 3.09063175 3.37376929 4.68339361]]\n",
      "\n",
      "Kernel is: [[3.7704245  3.46827838 3.85710052 5.74008353]\n",
      " [3.46827838 4.18294446 2.41707738 5.01557352]\n",
      " [3.85710052 2.41707738 7.04989638 6.48360299]\n",
      " [5.74008353 5.01557352 6.48360299 9.56915263]]\n",
      "\n",
      "Kernel is: [[3.64271467 4.30222419 3.97356234 3.10021083]\n",
      " [4.30222419 7.69508486 5.64963917 3.22015958]\n",
      " [3.97356234 5.64963917 4.80559519 3.48610139]\n",
      " [3.10021083 3.22015958 3.48610139 3.61585643]]\n",
      "\n",
      "Kernel is: [[6.21174467 3.24124747 4.10553214 6.19305341]\n",
      " [3.24124747 4.85775195 4.86127846 4.29404588]\n",
      " [4.10553214 4.86127846 5.2619889  4.59108838]\n",
      " [6.19305341 4.29404588 4.59108838 8.63086434]]\n",
      "\n",
      "Kernel is: [[1.44936807 1.91333706 1.57461475 1.73996873]\n",
      " [1.91333706 4.69213532 2.5722325  3.68572674]\n",
      " [1.57461475 2.5722325  3.71223783 2.46475953]\n",
      " [1.73996873 3.68572674 2.46475953 3.03021638]]\n",
      "\n",
      "Kernel is: [[3.75072583 2.20843055 3.36270531 2.69247178]\n",
      " [2.20843055 2.65193294 2.55680725 2.79295578]\n",
      " [3.36270531 2.55680725 3.6191913  3.48497151]\n",
      " [2.69247178 2.79295578 3.48497151 3.96500293]]\n",
      "\n",
      "Kernel is: [[4.37345455 1.95916654 4.42296337 3.22572244]\n",
      " [1.95916654 1.66591212 2.73035291 2.61630545]\n",
      " [4.42296337 2.73035291 6.72899302 5.78318029]\n",
      " [3.22572244 2.61630545 5.78318029 5.50695784]]\n",
      "\n",
      "Kernel is: [[1.52677888 1.87207477 1.49326995 1.58361053]\n",
      " [1.87207477 4.47846174 3.49273406 2.01642699]\n",
      " [1.49326995 3.49273406 4.5873026  1.77651615]\n",
      " [1.58361053 2.01642699 1.77651615 1.68114389]]\n",
      "\n",
      "Kernel is: [[4.37638494 3.62463182 4.02210473 2.79697903]\n",
      " [3.62463182 5.84233689 4.38063567 4.12182818]\n",
      " [4.02210473 4.38063567 4.55893198 4.18149262]\n",
      " [2.79697903 4.12182818 4.18149262 5.24121751]]\n",
      "\n",
      "Kernel is: [[4.37371828 3.24425576 4.18995915 3.63864974]\n",
      " [3.24425576 2.87475247 2.80311997 3.1527615 ]\n",
      " [4.18995915 2.80311997 4.39533448 3.25444273]\n",
      " [3.63864974 3.1527615  3.25444273 3.84203657]]\n",
      "\n",
      "Kernel is: [[7.12344257 6.08776209 2.38881885 5.40151897]\n",
      " [6.08776209 6.27716186 2.10666918 5.75167116]\n",
      " [2.38881885 2.10666918 1.47739075 1.84937762]\n",
      " [5.40151897 5.75167116 1.84937762 5.56204284]]\n",
      "\n",
      "Kernel is: [[4.4247182  4.2839482  4.0122432  2.56276502]\n",
      " [4.2839482  5.70346889 3.79360439 3.3121803 ]\n",
      " [4.0122432  3.79360439 4.06802386 2.25887116]\n",
      " [2.56276502 3.3121803  2.25887116 2.23366558]]\n",
      "\n",
      "Kernel is: [[7.13239668 4.17468867 2.47617548 6.26659601]\n",
      " [4.17468867 3.99879033 2.84185524 4.80975129]\n",
      " [2.47617548 2.84185524 2.26631877 3.08548281]\n",
      " [6.26659601 4.80975129 3.08548281 6.4635962 ]]\n",
      "\n",
      "Kernel is: [[3.56489614 1.87163673 2.71648614 1.76862996]\n",
      " [1.87163673 3.61929641 2.86682096 2.21357425]\n",
      " [2.71648614 2.86682096 3.7405882  1.60567434]\n",
      " [1.76862996 2.21357425 1.60567434 2.02087421]]\n",
      "\n",
      "Kernel is: [[1.75799527 3.26336835 1.9635204  2.07988516]\n",
      " [3.26336835 9.02614548 3.95054404 4.1609185 ]\n",
      " [1.9635204  3.95054404 2.81525206 2.47994054]\n",
      " [2.07988516 4.1609185  2.47994054 3.78276143]]\n",
      "\n",
      "Kernel is: [[3.38374796 2.30352951 2.41240798 3.21759193]\n",
      " [2.30352951 2.24462585 2.25626077 2.70004012]\n",
      " [2.41240798 2.25626077 2.53068216 3.41216763]\n",
      " [3.21759193 2.70004012 3.41216763 5.32003194]]\n",
      "\n",
      "Kernel is: [[2.90790566 2.74877221 3.41005692 2.44795985]\n",
      " [2.74877221 2.66547211 2.89182695 2.16099354]\n",
      " [3.41005692 2.89182695 6.36842539 4.51582165]\n",
      " [2.44795985 2.16099354 4.51582165 4.01197966]]\n",
      "\n",
      "Kernel is: [[6.03550108 5.87032588 4.15108883 2.49853279]\n",
      " [5.87032588 7.89444733 5.08865211 3.8103514 ]\n",
      " [4.15108883 5.08865211 3.78564149 2.79094423]\n",
      " [2.49853279 3.8103514  2.79094423 2.56744489]]\n",
      "\n",
      "Kernel is: [[3.30626462 3.16326857 3.44195848 3.30066789]\n",
      " [3.16326857 4.55172661 2.55444339 4.14602349]\n",
      " [3.44195848 2.55444339 4.29653064 3.13778025]\n",
      " [3.30066789 4.14602349 3.13778025 4.18245624]]\n",
      "\n",
